32767
65534
32767
65535
32767
0
32768
65535
32768
1
32768
0
32767
65533
0
65535
0
24576
8192
8192
20480
4096
4096
16384
0
0
24576
8192
8192
20480
4096
4096
0
8192
12288
16384
20480
24576
28672
32768
36864
28672
24576
20480
16384
12288
8192
4096
8192
8192
12288
16384
20480
24576
28672
32768
36864
28672
24576
20480
16384
12288
8192
8192
4096
4096
6144
8192
10240
12288
14336
16384
18432
14336
12288
10240
8192
6144
4096
4096
2048
2048
3072
4096
5120
6144
7168
8192
9216
7168
6144
5120
4096
3072
2048
2048
1024
1024
1536
2048
2560
3072
3584
4096
4608
3584
3072
2560
2048
1536
1024
1024
512
512
768
1024
1280
1536
1792
2048
2304
1792
1536
1280
1024
768
512
512
256
256
384
512
640
768
896
1024
1152
896
768
640
512
384
256
256
128
128
192
256
320
384
448
512
576
448
384
320
256
192
128
128
64
64
96
128
160
192
224
256
288
224
192
160
128
96
64
64
32
32
48
64
80
96
112
128
144
112
96
80
64
48
32
32
16
16
24
32
40
48
56
64
72
56
48
40
32
24
16
16
8
8
12
16
20
24
28
32
36
28
24
20
16
12
8
8
4
4
6
8
10
12
14
16
18
14
12
10
8
6
4
4
2
2
3
4
5
6
7
8
9
7
6
5
4
3
2
2
